\section{Knot to Km Travelled Conversion Chart}
\begin{table}[h]
\centering
\label{knotToKm}
\rowcolors{2}{white}{gray!25}
\begin{tabular}{c|cccccccccc}
\textbf{Kt / Hr} & \textbf{1} & \textbf{2} & \textbf{3} & \textbf{4} & \textbf{5} & \textbf{6} & \textbf{7} & \textbf{8} & \textbf{9} & \textbf{10} \\
\hline %%TODO: figure out why this is broken
\textbf{1}       & 1.85       & 3.70       & 5.56       & 7.41       & 9.26       & 11.11      & 12.96      & 14.82      & 16.67      & 18.52       \\
\textbf{2}       & 3.70       & 7.41       & 11.11      & 14.82      & 18.52      & 22.22      & 25.93      & 29.63      & 33.34      & 37.04       \\
\textbf{3}       & 5.56       & 11.11      & 16.67      & 22.22      & 27.78      & 33.34      & 38.89      & 44.45      & 50.00      & 55.56       \\
\textbf{4}       & 7.41       & 14.82      & 22.22      & 29.63      & 37.04      & 44.45      & 51.86      & 59.26      & 66.67      & 74.08       \\
\textbf{5}       & 9.26       & 18.52      & 27.78      & 37.04      & 46.30      & 55.56      & 64.82      & 74.08      & 83.34      & 92.60       \\
\textbf{6}       & 11.11      & 22.22      & 33.34      & 44.45      & 55.56      & 66.67      & 77.78      & 88.90      & 100.01     & 111.12      \\
\textbf{7}       & 12.96      & 25.93      & 38.89      & 51.86      & 64.82      & 77.78      & 90.75      & 103.71     & 116.68     & 129.64      \\
\textbf{8}       & 14.82      & 29.63      & 44.45      & 59.26      & 74.08      & 88.90      & 103.71     & 118.53     & 133.34     & 148.16      \\
\textbf{9}       & 16.67      & 33.34      & 50.00      & 66.67      & 83.34      & 100.01     & 116.68     & 133.34     & 150.01     & 166.68      \\
\textbf{10}      & 18.52      & 37.04      & 55.56      & 74.08      & 92.60      & 111.12     & 129.64     & 148.16     & 166.68     & 185.20      \\
\textbf{11}      & 20.37      & 40.74      & 61.12      & 81.49      & 101.86     & 122.23     & 142.60     & 162.98     & 183.35     & 203.72      \\
\textbf{12}      & 22.22      & 44.45      & 66.67      & 88.90      & 111.12     & 133.34     & 155.57     & 177.79     & 200.02     & 222.24      \\
\textbf{13}      & 24.08      & 48.15      & 72.23      & 96.30      & 120.38     & 144.46     & 168.53     & 192.61     & 216.68     & 240.76      \\
\textbf{14}      & 25.93      & 51.86      & 77.78      & 103.71     & 129.64     & 155.57     & 181.50     & 207.42     & 233.35     & 259.28      \\
\textbf{15}      & 27.78      & 55.56      & 83.34      & 111.12     & 138.90     & 166.68     & 194.46     & 222.24     & 250.02     & 277.80      \\
\textbf{16}      & 29.63      & 59.26      & 88.90      & 118.53     & 148.16     & 177.79     & 207.42     & 237.06     & 266.69     & 296.32      \\
\textbf{17}      & 31.48      & 62.97      & 94.45      & 125.94     & 157.42     & 188.90     & 220.39     & 251.87     & 283.36     & 314.84      \\
\textbf{18}      & 33.34      & 66.67      & 100.01     & 133.34     & 166.68     & 200.02     & 233.35     & 266.69     & 300.02     & 333.36      \\
\textbf{19}      & 35.19      & 70.38      & 105.56     & 140.75     & 175.94     & 211.13     & 246.32     & 281.50     & 316.69     & 351.88      \\
\textbf{20}      & 37.04      & 74.08      & 111.12     & 148.16     & 185.20     & 222.24     & 259.28     & 296.32     & 333.36     & 370.40      \\
\textbf{21}      & 38.89      & 77.78      & 116.68     & 155.57     & 194.46     & 233.35     & 272.24     & 311.14     & 350.03     & 388.92      \\
\textbf{22}      & 40.74      & 81.49      & 122.23     & 162.98     & 203.72     & 244.46     & 285.21     & 325.95     & 366.70     & 407.44      \\
\textbf{23}      & 42.60      & 85.19      & 127.79     & 170.38     & 212.98     & 255.58     & 298.17     & 340.77     & 383.36     & 425.96      \\
\textbf{24}      & 44.45      & 88.90      & 133.34     & 177.79     & 222.24     & 266.69     & 311.14     & 355.58     & 400.03     & 444.48      \\
\textbf{25}      & 46.30      & 92.60      & 138.90     & 185.20     & 231.50     & 277.80     & 324.10     & 370.40     & 416.70     & 463.00      \\
\textbf{26}      & 48.15      & 96.30      & 144.46     & 192.61     & 240.76     & 288.91     & 337.06     & 385.22     & 433.37     & 481.52      \\
\textbf{27}      & 50.00      & 100.01     & 150.01     & 200.02     & 250.02     & 300.02     & 350.03     & 400.03     & 450.04     & 500.04      \\
\textbf{28}      & 51.86      & 103.71     & 155.57     & 207.42     & 259.28     & 311.14     & 362.99     & 414.85     & 466.70     & 518.56      \\
\textbf{29}      & 53.71      & 107.42     & 161.12     & 214.83     & 268.54     & 322.25     & 375.96     & 429.66     & 483.37     & 537.08      \\
\textbf{30}      & 55.56      & 111.12     & 166.68     & 222.24     & 277.80     & 333.36     & 388.92     & 444.48     & 500.04     & 555.60     
\end{tabular}
\end{table}